RELU k = 1, Integration points: Nx 50, order 3 
dictionary size: 4096
neuron num 		 error 		 order-1.25 		 h10 error \ order 
4 		 1.8190021036963024 		 * 		 
8 		 1.2057435436780786 		 0.5932241264745951 
16 		 0.7971748284388159 		 0.5969550234820817 
32 		 0.5119712981018149 		 0.6388332236240077 
64 		 0.34819355446042577 		 0.5561734358149192 
128 		 0.20886908349222402 		 0.7372905344567673 
256 		 0.09561102695386606 		 1.1273500415611 
512 		 0.04448168594854928 		 1.1039655455998079 
1024 		 0.017305792311425136 		 1.3619564762943221 
2048 		 0.006772281196281565 		 1.3535412112837477 

dictionary size: 4096
neuron num 		 error 		 order-1.25 		 h10 error \ order 
4 		 1.816086386508131 		 * 		 
8 		 1.1996227784778668 		 0.5982520079919922 
16 		 0.8345925132453275 		 0.5234369375189682 
32 		 0.5091638369401464 		 0.7129420225725797 
64 		 0.3502181931887428 		 0.5398759252546044 
128 		 0.20139474208040575 		 0.7982280124328012 
256 		 0.1072556354694889 		 0.9089725662404617 
512 		 0.04506781455988464 		 1.2508840550683322 
1024 		 0.017425941443458524 		 1.370860891832549 
2048 		 0.006902825517228151 		 1.3359776775325853 

dictionary size: 4096
neuron num 		 error 		 order-1.25 		 h10 error \ order 
4 		 1.8279007704572643 		 * 		 
8 		 1.1969457692113044 		 0.6108299656290347 
16 		 0.8227438116169723 		 0.5408426135838911 
32 		 0.518095074449878 		 0.6672264020621922 
64 		 0.357069657624035 		 0.5370113233163145 
128 		 0.2055403666339217 		 0.7967837880266915 
256 		 0.10633551198051513 		 0.9507982744308372 
512 		 0.04255941625326591 		 1.3210732140993076 
1024 		 0.0171900311461408 		 1.307906204111778 
2048 		 0.006682490758518174 		 1.3631143163753743 

dictionary size: 4096
neuron num 		 error 		 order-1.25 		 h10 error \ order 
4 		 1.8192214105964646 		 * 		 
8 		 1.201442192983876 		 0.5985539033470844 
16 		 0.8549783750324073 		 0.490807399828338 
32 		 0.5287930163166713 		 0.6931848068423331 
64 		 0.354645878565258 		 0.5763239417880872 
128 		 0.21251941843906025 		 0.7387845117611512 
256 		 0.10334955340568484 		 1.0400625153836345 
512 		 0.04265830453143752 		 1.2766336230655746 
1024 		 0.017161681151754708 		 1.3136357408044579 
2048 		 0.006669710272814113 		 1.363494887318504 

dictionary size: 4096
neuron num 		 error 		 order-1.25 		 h10 error \ order 
4 		 1.801382609621705 		 * 		 
8 		 1.1954118481707745 		 0.5915968919449119 
16 		 0.815612285733121 		 0.5515523347948057 
32 		 0.5339117591736158 		 0.6112821830445604 
64 		 0.34154609218411647 		 0.6445210384552597 
128 		 0.20133416332590223 		 0.7624882893282062 
256 		 0.1018792895067973 		 0.9827311927097118 
512 		 0.04227022166765682 		 1.2691472205049645 
1024 		 0.016662723207767155 		 1.3430174767099174 
2048 		 0.007005930707292909 		 1.2499755770259156 

RELU k = 2, Integration points: Nx 50, order 3 
dictionary size: 4096
neuron num 		 error 		 order-1.75 		 h10 error \ order 
4 		 1.8793978262977824 		 * 		 
8 		 1.386137238854586 		 0.4392003821297515 
16 		 0.850513705082174 		 0.7046637144692174 
32 		 0.5992777248893295 		 0.5051097334693229 
64 		 0.40083928445222783 		 0.580200842529399 
128 		 0.24387531598937948 		 0.7168801653665906 
256 		 0.13661836589343332 		 0.8359923009510417 
512 		 0.06413297706363445 		 1.0910131571948156 
1024 		 0.023424129824430033 		 1.4530709242183801 
2048 		 0.006777103923072497 		 1.7892546550088968 

dictionary size: 4096
neuron num 		 error 		 order-1.75 		 h10 error \ order 
4 		 1.8656677747086603 		 * 		 
8 		 1.3887728972315032 		 0.42588140576915834 
16 		 0.8408135646352817 		 0.7239528488377094 
32 		 0.5969419621577393 		 0.49419527223033716 
64 		 0.40678348700214995 		 0.553329556377534 
128 		 0.25186264818262455 		 0.6916239326181628 
256 		 0.13867012296419218 		 0.8609801962086253 
512 		 0.0651306254300834 		 1.090249001065964 
1024 		 0.0240850057527532 		 1.4352008119978072 
2048 		 0.006876972048655668 		 1.8082898816092456 

dictionary size: 4096
neuron num 		 error 		 order-1.75 		 h10 error \ order 
4 		 1.8356850051832836 		 * 		 
8 		 1.3524510808485732 		 0.4407421087275741 
16 		 0.8486652734276667 		 0.6723088615811785 
32 		 0.6119445961290674 		 0.4717946039835076 
64 		 0.38916146009925046 		 0.6530321984752038 
128 		 0.24829543225435202 		 0.6483111211582344 
256 		 0.12900160335572242 		 0.9446687243847427 
512 		 0.06189318248641941 		 1.0595365860364037 
1024 		 0.0247117251271135 		 1.324584776993874 
2048 		 0.006947866922968826 		 1.8305537022699176 

dictionary size: 4096
neuron num 		 error 		 order-1.75 		 h10 error \ order 
4 		 1.8418808648587914 		 * 		 
8 		 1.3539010679704242 		 0.4440574267438834 
16 		 0.8451224540012203 		 0.6798900214739774 
32 		 0.611274056169642 		 0.4673410585938407 
64 		 0.39595509087484126 		 0.6264825277351725 
128 		 0.2515545677860478 		 0.6544654228293622 
256 		 0.13631195821463957 		 0.883959255908347 
512 		 0.06234825160146826 		 1.1284911217306044 
1024 		 0.02344393697555905 		 1.411134239849134 
2048 		 0.007082283895981768 		 1.7269282830834998 

dictionary size: 4096
neuron num 		 error 		 order-1.75 		 h10 error \ order 
4 		 1.8525022110191516 		 * 		 
8 		 1.35294774653364 		 0.453369143724185 
16 		 0.8427219821918256 		 0.6829774575817547 
32 		 0.5992117763949882 		 0.4919907804472212 
64 		 0.3909220140943241 		 0.6161851477872858 
128 		 0.23508182100761368 		 0.7337178507904903 
256 		 0.13645833093923074 		 0.7847025034852463 
512 		 0.06489636490784058 		 1.0722509007395251 
1024 		 0.023536126750545713 		 1.4632607484923539 
2048 		 0.006791827430381066 		 1.793005213295761 

