Integration points: Nx 1024, order 2 
dictionary size: 2048
neuron num 		 error 		 order 		 h10 error 		 order  		 energy err 		 order 
4 		 3.226410583029573 		 * 		 0.7904813601457596 		 *  		 21.76927320474713 		 * 
8 		 0.4205351945615057 		 2.9396315933896675 		 0.08149864917735945 		 3.277883391387801 		 1.3757197827966652 		 3.9840346962596644 
16 		 0.006452064737612124 		 6.026321820326129 		 0.004757796949828738 		 4.098410539394253 		 0.04641735934206162 		 4.889378379605823 
32 		 0.0003071934990245771 		 4.392541323536522 		 0.00043894370187467683 		 3.438185883392064 		 0.001925966992140515 		 4.591009567771772 
64 		 3.511303519904549e-05 		 3.129069070938261 		 4.8839515412091165e-05 		 3.1679151231465412 		 0.00010149653048753777 		 4.246080661090915 
128 		 1.090413056936364e-06 		 5.009060061590877 		 5.802998650206667e-06 		 3.0731783874809193 		 5.7430412954711836e-06 		 4.143471666086237 
256 		 3.3078177760825313e-07 		 1.720923077244127 		 1.970447916067747e-06 		 1.5582749774230165 		 5.013824238629798e-07 		 3.5178316075038847 

Integration points: Nx 1024, order 2 
dictionary size: 4096
neuron num 		 error 		 order 		 h10 error 		 order  		 energy err 		 order 
4 		 3.2242482419355154 		 * 		 0.7879928832573551 		 *  		 21.745742176509964 		 * 
8 		 0.4180131854154512 		 2.9473424692394556 		 0.08127015955155327 		 3.2773849683573535 		 1.3684583693615755 		 3.9901094969984996 
16 		 0.006134102858594281 		 6.09055228143784 		 0.0047080005296391775 		 4.109539338808985 		 0.045938877712409516 		 4.896692124030258 
32 		 0.0003120626527509012 		 4.296944745528623 		 0.00043766595705314166 		 3.4272124062908986 		 0.0019192491738328963 		 4.581101679897686 
64 		 2.7888292727607377e-05 		 3.484104184816579 		 5.025760945476953e-05 		 3.122416216305805 		 0.00010701751709145122 		 4.164623159420022 
128 		 1.7879973832205418e-06 		 3.963243087593451 		 5.913758408057814e-06 		 3.087194837809622 		 6.164234849486898e-06 		 4.117781324571818 
256 		 2.799390527281659e-07 		 2.6751599567400466 		 1.4113235665767817e-06 		 2.067026522129083 		 3.7360093200327686e-07 		 4.044351868558276 

Integration points: Nx 1024, order 2 
dictionary size: 4096
neuron num 		 error 		 order 		 h10 error 		 order  		 energy err 		 order 
4 		 3.485033799944728 		 * 		 3.8402281461846375 		 *  		 35.804038007038685 		 * 
8 		 0.5242550699396915 		 2.73283183483702 		 0.39330141525921936 		 3.287484740530995 		 2.0473037374779794 		 4.128325243691953 
16 		 0.007502453252033468 		 6.126762673722955 		 0.009892205757500355 		 5.313199319429764 		 0.07686852622638635 		 4.7351883374587445 
32 		 9.893255568283053e-05 		 6.244773268164625 		 0.0003681501335626954 		 4.7479261180169665 		 0.001273776921801575 		 5.915208464655143 
64 		 8.69582042814921e-06 		 3.508051292385415 		 3.858992213853204e-05 		 3.253998186789884 		 7.589232888656388e-05 		 4.069014761467391 
128 		 1.7764912021154107e-06 		 2.2912916046037575 		 5.241839669293767e-06 		 2.8800790008713824 		 5.186628581630214e-06 		 3.8710851009393945 
256 		 2.8576273749888876e-07 		 2.6361408326692195 		 1.3289877215245242e-06 		 1.9797454513634485 		 3.175359399749575e-07 		 4.0298052647483855 

