
randomized dictionary size: 64
neuron num 		 error 		 order
4 		 0.4323624744642331 		 * 
8 		 0.41850667978106054 		 0.04699066454437979 
16 		 0.2721871410097022 		 0.6206517388728784 
32 		 0.12497197090131265 		 1.122994351849152 
64 		 0.039953563925301645 		 1.6452084542415766 
128 		 0.013894794798560617 		 1.5237796710721636 
256 		 0.009755854291015107 		 0.510204412679257 
512 		 0.009134380265815416 		 0.09496136025248039 

randomized dictionary size: 256
neuron num 		 error 		 order
4 		 0.4317292327780063 		 * 
8 		 0.3971883333418803 		 0.12030353525371726 
16 		 0.29343772096480025 		 0.4367689078963565 
32 		 0.11771625774781111 		 1.3177407549437026 
64 		 0.034169098357179524 		 1.784549500178503 
128 		 0.012851206136920049 		 1.4107884104581376 
256 		 0.009474130989945873 		 0.43983824448918574 
512 		 0.009127085165126203 		 0.053839425590565954 

randomized dictionary size: 1024
neuron num 		 error 		 order
4 		 0.4318588069610434 		 * 
8 		 0.3870076024439279 		 0.15819780381993176 
16 		 0.2671937919850041 		 0.5344754187587926 
32 		 0.07506796099112448 		 1.8316172865281326 
64 		 0.035116911267088345 		 1.0960313396132673 
128 		 0.012715835181816298 		 1.4655397351808603 
256 		 0.009500063086678973 		 0.42061722297019394 
512 		 0.009067443177057717 		 0.0672412946336458 


randomized dictionary size: 64
neuron num 		 error 		 order
4 		 0.4277728129841771 		 * 
8 		 0.28622000136192277 		 0.579720302550458 
16 		 0.12347386982351613 		 1.2129187291168237 
32 		 0.035149446629016694 		 1.8126318818560367 
64 		 0.00917629012334177 		 1.9375190662465398 
128 		 0.003551619093437751 		 1.369434142421645 
256 		 0.002686267343486002 		 0.4028739705747932 
512 		 0.0026052347809197227 		 0.044189499761730845 

randomized dictionary size: 256
neuron num 		 error 		 order
4 		 0.4272336720394586 		 * 
8 		 0.28991035568256573 		 0.5594184884169182 
16 		 0.10697148904891789 		 1.438380539300687 
32 		 0.03733605046269456 		 1.518585101059419 
64 		 0.008379927141917718 		 2.1555597165497833 
128 		 0.0035786528668303977 		 1.227521093099191 
256 		 0.0026802835596831855 		 0.41703096938743095 
512 		 0.002601129721253507 		 0.04324728829296927 

randomized dictionary size: 1024
neuron num 		 error 		 order
4 		 0.42714837187446003 		 * 
8 		 0.28960762411378876 		 0.5606377005677725 
16 		 0.10787186813255155 		 1.4247809088970245 
32 		 0.03821188437570517 		 1.4972253645021065 
64 		 0.0073624715347131425 		 2.3757593480969996 
128 		 0.0033865540667772755 		 1.120372122352625 
256 		 0.002662222907964451 		 0.34718665557093 
512 		 0.0026006692004099724 		 0.03374846997431978 


randomized dictionary size: 1024
neuron num 		 error 		 order
4 		 0.4273065939872158 		 * 
8 		 0.28814309049708636 		 0.5684861550024988 
16 		 0.10599406853586385 		 1.4428018918134156 
32 		 0.03894438144759821 		 1.4444964242654081 
64 		 0.00800909509501576 		 2.281704049435989 
128 		 0.0034889770895450926 		 1.198835125344851 
256 		 0.002652411712577416 		 0.3954993932684524 
512 		 0.002597248908799773 		 0.030320448675105853 

randomized dictionary size: 4096
neuron num 		 error 		 order
4 		 0.42720500353704155 		 * 
8 		 0.2890487029696132 		 0.5636159456941142 
16 		 0.1075790823217919 		 1.4259150111331418 
32 		 0.040084093288019436 		 1.4242958419181106 
64 		 0.007400793594089133 		 2.4372779547876378 
128 		 0.003363028044191504 		 1.1379191710828442 
256 		 0.0026408213135296846 		 0.34877412208876535 
512 		 0.002597434028269617 		 0.02389958055796664 

randomized dictionary size: 28
neuron num 		 error 		 order
4 		 0.43159881598379024 		 * 
8 		 0.3299731831071444 		 0.38734212551820923 
16 		 0.14741321343421288 		 1.1624829348340697 
32 		 0.04084724542318204 		 1.8515551495851001 
64 		 0.011356707474621001 		 1.8466941612532024 
128 		 0.003926271035855521 		 1.5323129581807704 
256 		 0.00268469844807762 		 0.5483997171910467 
512 		 0.002599219323391602 		 0.04668167600482955 


randomized dictionary size: 1024
neuron num 		 error 		 order
4 		 0.42723359568414926 		 * 
8 		 0.2892182337214379 		 0.5628665887308943 
16 		 0.10796069552227729 		 1.4216523333387416 
32 		 0.03740613642242583 		 1.529159309646846 
64 		 0.007811047223273487 		 2.259687073692684 
128 		 0.0023164124365580665 		 1.7536238351228723 
256 		 0.0005532349211537317 		 2.0659280177246 
512 		 0.0001389195142697831 		 1.993642953313796 

randomized dictionary size: 4096
neuron num 		 error 		 order
4 		 0.42715430234435336 		 * 
8 		 0.2888299891668988 		 0.5645367686661193 
16 		 0.10761365124342631 		 1.4243594433483162 
32 		 0.03802505913206066 		 1.5008387048535379 
64 		 0.007539980263478299 		 2.3343178392217054 
128 		 0.0021569378080673923 		 1.8055761678853262 
256 		 0.0005357285781876471 		 2.0094104161323774 
512 		 0.0001368380583193351 		 1.969032719932207 

randomized dictionary size: 28
neuron num 		 error 		 order
4 		 0.4256426279045157 		 * 
8 		 0.2934556427198005 		 0.5365001940065406 
16 		 0.17619828924147146 		 0.7359425324865386 
32 		 0.04099178504597009 		 2.1037931961218 
64 		 0.010009520771280823 		 2.0339619120618866 
128 		 0.0027768720660872556 		 1.8498402864350458 
256 		 0.0007034330693491683 		 1.9809756472181004 
512 		 0.00016475228302765326 		 2.0941147023404625 


randomized dictionary size: 64
neuron num 		 error 		 order
4 		 0.42740030731700335 		 * 
8 		 0.2794349061630287 		 0.6130756962465179 
16 		 0.12751105252758937 		 1.131889945269562 
32 		 0.046279311611737095 		 1.462182993691186 
64 		 0.009962917550428956 		 2.2157272155390593 
128 		 0.0024194064665794186 		 2.0419151181793804 
256 		 0.0006252519621124486 		 1.9521435813307988 
512 		 0.00015644155355387735 		 1.998813911716585 

randomized dictionary size: 256
neuron num 		 error 		 order
4 		 0.42841947097664357 		 * 
8 		 0.2990159486674112 		 0.5188016139895808 
16 		 0.12110140382639227 		 1.3040068466848709 
32 		 0.03563068671686212 		 1.7650233948934155 
64 		 0.009384495154435736 		 1.9247692476147917 
128 		 0.002077661312624371 		 2.175318642071558 
256 		 0.0005596536805003863 		 1.8923542405267526 
512 		 0.00014504698306710474 		 1.9480140603987675 

randomized dictionary size: 1024
neuron num 		 error 		 order
4 		 0.42720742082679136 		 * 
8 		 0.2884381007496308 		 0.5666749600853179 
16 		 0.10790162647153305 		 1.4185451358881707 
32 		 0.03848828157780175 		 1.487225447323866 
64 		 0.007608057433133847 		 2.3388192169961606 
128 		 0.0022678687583053622 		 1.7461909832757125 
256 		 0.000534528325779116 		 2.084998847325648 
512 		 0.0001398458401900829 		 1.9344290609088886 


randomized dictionary size: 64
neuron num 		 error 		 order
4 		 0.4271061215886383 		 * 
8 		 0.28908119935291243 		 0.5631197909196057 
16 		 0.12515349620112637 		 1.2077761912242115 
32 		 0.039967991900461186 		 1.6467815989074972 
64 		 0.010316184001871592 		 1.953935678979921 
128 		 0.002603836453866948 		 1.986198669466819 
256 		 0.0005965833760796539 		 2.1258431537888023 
512 		 0.00015750098330269622 		 1.9213629416284839 

randomized dictionary size: 128
neuron num 		 error 		 order
4 		 0.42762618255727425 		 * 
8 		 0.3086869529076869 		 0.47020568193945156 
16 		 0.13363097089374834 		 1.2078900948588946 
32 		 0.04613883361962428 		 1.534200973272761 
64 		 0.009732863428939285 		 2.2450453169533446 
128 		 0.002348375562877315 		 2.051201162140123 
256 		 0.0005901289916030296 		 1.9925609079450104 
512 		 0.0001509199984379323 		 1.9672463458511535 

randomized dictionary size: 256
neuron num 		 error 		 order
4 		 0.42825383938036754 		 * 
8 		 0.29476310395034516 		 0.5389102295191741 
16 		 0.11914142545928226 		 1.3068808255727915 
32 		 0.03873910363512474 		 1.620812647685544 
64 		 0.008388440505723562 		 2.207316043132265 
128 		 0.0023562138866006317 		 1.8319321177366106 
256 		 0.0005757370914633645 		 2.0329884415519945 
512 		 0.00014131903619661845 		 2.0264543447598777 

randomized dictionary size: 512
neuron num 		 error 		 order
4 		 0.42694810011039713 		 * 
8 		 0.2873996360499071 		 0.5710024713978658 
16 		 0.09399598289405144 		 1.6123872280635574 
32 		 0.03616861995885767 		 1.3778605497357772 
64 		 0.007677380769747855 		 2.2360524445853094 
128 		 0.0023302480339652074 		 1.7201306772449572 
256 		 0.0005528027851831232 		 2.0756467353974895 
512 		 0.00013878332737297393 		 1.9939306231866556 

randomized dictionary size: 1024
neuron num 		 error 		 order
4 		 0.4273134540022263 		 * 
8 		 0.2889655442899763 		 0.5643972623884271 
16 		 0.10849370711238158 		 1.4132861133027088 
32 		 0.03858614464121286 		 1.4914565570102152 
64 		 0.008323174183655387 		 2.2128771686578834 
128 		 0.0022418636734610337 		 1.89243527824006 
256 		 0.000534632786598639 		 2.06807833195593 
512 		 0.00013897726412115177 		 1.9436994285587512 

