






dictionary size: 1024
neuron num 		 error 		 order 		 h10 error \ order 
4 		 1.8039279999178928 		 * 		 15.582901915252965 		 * 
8 		 1.7556248621445423 		 0.03915715146398689 		 14.296486703877942 		 0.12430326845478061 
16 		 1.1167452641654785 		 0.6526844695191785 		 9.457853173290793 		 0.5960760046339986 
32 		 0.17978598832397072 		 2.634947643082391 		 3.6454263839213277 		 1.375425177203692 
64 		 0.04555323437687121 		 1.980655191150029 		 1.4008929530356273 		 1.3797408491336591 
128 		 0.009705407378498022 		 2.230692816532841 		 0.4920810391127438 		 1.5093788861115252 
256 		 0.0029002583350856105 		 1.742607359120177 		 0.20760221071598478 		 1.245074120793736 
512 		 0.0006793926008613492 		 2.093864000034086 		 0.0743949503188324 		 1.4805452023190933 

dictionary size: 1024
neuron num 		 error 		 order 		 h10 error \ order 
4 		 1.7982567542108379 		 * 		 15.671679392588146 		 * 
8 		 2.905072390567322 		 -0.6919750912885797 		 14.27289119853494 		 0.13488218373350577 
16 		 1.7844402474061083 		 0.7031025210754797 		 9.818554190262963 		 0.5396951005943129 
32 		 0.1924427490761487 		 3.2129703741300797 		 3.76711476287884 		 1.3820506144857816 
64 		 0.051141513923431914 		 1.9118625399194633 		 1.4435058350423902 		 1.3838830454383189 
128 		 0.010565468135520686 		 2.2751381770580212 		 0.5074302410525656 		 1.5082955327382093 
256 		 0.002787632829246729 		 1.922244236276717 		 0.19989722114859235 		 1.343951084759959 
512 		 0.0007598702705111883 		 1.875215510963372 		 0.08019885279576018 		 1.3176049118260982 

dictionary size: 1024
neuron num 		 error 		 order 		 h10 error \ order 
4 		 1.7955453305927807 		 * 		 15.585206695983304 		 * 
8 		 3.521846670114432 		 -0.9719100242842622 		 14.021413939588038 		 0.1525454484406383 
16 		 6.51971358700893 		 -0.888476487587853 		 8.87652103995332 		 0.6595655807224281 
32 		 0.20124568003101342 		 5.017778868247575 		 3.772812488097672 		 1.2343539555037653 
64 		 0.05082285647591895 		 1.9854084456461738 		 1.4812003676890586 		 1.348873586039753 
128 		 0.011365346217077452 		 2.1608358307490634 		 0.5126832329608527 		 1.5306271917262813 
256 		 0.002730239758192741 		 2.0575420797083273 		 0.20005111706791262 		 1.3576990313251789 
512 		 0.0007580984766225119 		 1.8485704770651539 		 0.08154098560067014 		 1.2947713844278326 

dictionary size: 1024
neuron num 		 error 		 order 		 h10 error \ order 
4 		 1.7773471117277095 		 * 		 15.613059053208895 		 * 
8 		 2.734432049923775 		 -0.6215157480220715 		 14.246075222211998 		 0.13218871785972436 
16 		 1.8640478845006292 		 0.5528022907999963 		 9.9663473279003 		 0.5154277551142638 
32 		 0.26210217430286553 		 2.8302376941734444 		 3.697352462739678 		 1.4305722730120929 
64 		 0.04489619474573535 		 2.545464244622126 		 1.3685354816927167 		 1.4338597403107147 
128 		 0.0106743662525518 		 2.072442753858139 		 0.5215824555525518 		 1.3916655919732133 
256 		 0.002856133089658149 		 1.9020153056569344 		 0.2135903495606655 		 1.2880488778622496 
512 		 0.0007339193336120134 		 1.960369799719075 		 0.08019694440513027 		 1.4132272901328562 

dictionary size: 1024
neuron num 		 error 		 order 		 h10 error \ order 
4 		 1.762881778839196 		 * 		 15.494706379637911 		 * 
8 		 2.120671908802316 		 -0.2665857085071836 		 14.114054298772126 		 0.13464295114754762 
16 		 5.99472249779562 		 -1.4991715338771143 		 9.143770085170477 		 0.6262714319815036 
32 		 0.20733397959868582 		 4.853664489595519 		 3.8873941651430393 		 1.2339857300720347 
64 		 0.046289376176617394 		 2.1632035513090946 		 1.41883427929164 		 1.4540973066222487 
128 		 0.010919561167775451 		 2.083766241333612 		 0.5255857402691708 		 1.4327080522100217 
256 		 0.002897347118318905 		 1.9141104358287495 		 0.20508189024897344 		 1.3577260339621078 
512 		 0.0007337507888279842 		 1.9813704835390347 		 0.07855341029921357 		 1.3844542854802817 

