
dictionary size: 64
neuron num 		 error 		 order 		 h10 error \ order 
4 		 0.20333466423826665 		 * 		 11.991537716173015 		 * 
8 		 0.49010852637849345 		 -1.269245060426448 		 11.864177201921708 		 0.015404621382260274 
16 		 0.36706682047353634 		 0.41705853169048007 		 11.42790872641869 		 0.05405063221571055 
32 		 0.36031449148142247 		 0.026786037069803884 		 10.51508776906758 		 0.12010052652506845 
64 		 0.1723253543416468 		 1.06412169481401 		 9.515992590148123 		 0.14403483875705614 
128 		 0.1712924326379701 		 0.008673564434338287 		 8.40263457691991 		 0.17951240439718502 
256 		 0.12286804377453826 		 0.47935167730917744 		 7.8235557533856666 		 0.10301729221828823 


dictionary size: 1024
neuron num 		 error 		 order 		 h10 error \ order 
4 		 0.19800265134454229 		 * 		 11.993632574198344 		 * 
8 		 0.22873800707087252 		 -0.20817635487646907 		 11.814154765535875 		 0.0217522650110226 
16 		 0.3993285870244704 		 -0.8038802512755053 		 11.259304254071363 		 0.06939873476438627 
32 		 0.5218689630107523 		 -0.3861112485276659 		 10.745346921505 		 0.06740561975256147 
64 		 0.40471026722430753 		 0.366798153785366 		 10.589687088095772 		 0.02105210185813245 
128 		 0.11941999451170258 		 1.7608450421407225 		 10.251239815222931 		 0.046861556057768795 
256 		 0.26930350972156797 		 -1.1731886244883853 		 9.914697684762288 		 0.04815771596036111 


dictionary size: 1024
neuron num 		 error 		 order 		 h10 error \ order 
4 		 0.16238235714942045 		 * 		 11.988188321132425 		 * 
8 		 0.2078534205541677 		 -0.35617159781294866 		 11.828311916300278 		 0.019369458886074362 
16 		 0.25729060274655696 		 -0.3078322752320733 		 11.318253186038229 		 0.06359287783029736 
32 		 0.3207604249130494 		 -0.31809738936160875 		 10.236591057240004 		 0.14491595995409834 
64 		 0.5680317434230315 		 -0.8244753998148162 		 9.958867692469894 		 0.03968173102699381 
128 		 0.5566210917932046 		 0.029275977275745182 		 9.695027636682873 		 0.038736708579895314 
256 		 0.3405914525354828 		 0.7086533474262591 		 9.416841220181633 		 0.042001806701413985 
512 		 0.1034339157891961 		 1.7193329094188212 		 9.217676315109898 		 0.030840096829079088 
1024 		 0.07528773999945644 		 0.4582224623580624 		 9.041510942244603 		 0.02783922335440138 





dictionary size: 1024
neuron num 		 error 		 order 		 h10 error \ order 
4 		 0.19298181017280377 		 * 		 11.995239561017115 		 * 
8 		 0.24583384269704958 		 -0.349218667646024 		 11.870316082432018 		 0.015103618940416843 
16 		 0.23933373921038975 		 0.03865974794307717 		 11.357429757413808 		 0.06372196878361966 
32 		 0.7553644700036611 		 -1.6581491355431022 		 9.463265517871942 		 0.2632263729830879 
64 		 0.06592052934640695 		 3.518373192863246 		 6.0587296182050725 		 0.643322780534305 
128 		 0.018811903415591313 		 1.8090819972914998 		 3.278407774395741 		 0.8860200134554409 
256 		 0.004091068026185564 		 2.2010963985788554 		 1.5945031948771233 		 1.0398883223689233 
512 		 0.0011599659405942659 		 1.8183950815667835 		 0.7265595094631296 		 1.1339541153430868 
1024 		 0.00027690986113865023 		 2.066594108884112 		 0.3386717481173072 		 1.1011933251200987 

dictionary size: 1024
neuron num 		 error 		 order 		 h10 error \ order 
4 		 0.33862343269103823 		 * 		 11.923824928309623 		 * 
8 		 0.43890555067801845 		 -0.37422870457997254 		 11.851576546734464 		 0.008768112938666127 
16 		 0.46535152735938784 		 -0.0844104268648124 		 11.317529870214463 		 0.0665198709951037 
32 		 0.2599595441993659 		 0.8400338188692463 		 9.719330802481554 		 0.21963022467319462 
64 		 0.06527389286763922 		 1.9937091357207226 		 6.187355371008692 		 0.6515340869119832 
128 		 0.010794635037416891 		 2.596191615507904 		 3.2901757096896023 		 0.9111582653735063 
256 		 0.0035676642999535333 		 1.5972626911092003 		 1.5086156040324843 		 1.1249393788944024 
512 		 0.0008859235937624339 		 2.009725686562399 		 0.7238360829989479 		 1.0594903208064774 
1024 		 0.00027822082113089736 		 1.6709518888364039 		 0.351057752287747 		 1.0439546404943914 

dictionary size: 1024
neuron num 		 error 		 order 		 h10 error \ order 
4 		 0.15967557429894622 		 * 		 11.95933069278034 		 * 
8 		 0.2738849002635561 		 -0.7784260906191122 		 11.820021538709613 		 0.016903986542687346 
16 		 0.49036287419215185 		 -0.8402800254179263 		 11.342459105013166 		 0.05949920633645968 
32 		 0.6457679447970445 		 -0.3971660735080517 		 9.571803386824923 		 0.24487079001158918 
64 		 0.16734270634870846 		 1.9482101565872871 		 6.238952690989067 		 0.617486893228438 
128 		 0.010454476345137688 		 4.00061296674818 		 3.247988022433554 		 0.9417575574164182 
256 		 0.0033468692008448474 		 1.643236725298029 		 1.572873741353958 		 1.0461434457870578 
512 		 0.0007825598248778847 		 2.096539218039223 		 0.7280175162193965 		 1.1113577991060224 
1024 		 0.00027433241991923937 		 1.5122759205876608 		 0.34192624854298653 		 1.0902879843865967 

dictionary size: 1024
neuron num 		 error 		 order 		 h10 error \ order 
4 		 0.20137032467481 		 * 		 11.979541028740947 		 * 
8 		 0.32107572987091515 		 -0.6730625223218767 		 11.846052684350406 		 0.016166227790361677 
16 		 0.434012488516417 		 -0.43482294037435615 		 11.387582598532871 		 0.05694488903863605 
32 		 1.3319102161558825 		 -1.6176883725682207 		 9.053378154380407 		 0.3309333971821273 
64 		 0.039296328830131205 		 5.082958485344564 		 5.8664487002238435 		 0.6259687951455862 
128 		 0.020085609560478248 		 0.968232293157298 		 3.1540235626983995 		 0.8952939829684284 
256 		 0.0026015153218927247 		 2.9487381357757356 		 1.4613461241352952 		 1.1098955128944157 
512 		 0.0007846280029266475 		 1.7292714738298292 		 0.7117177690948998 		 1.0379207646241924 
1024 		 0.0002752088055930225 		 1.5114821939860061 		 0.3386442172826126 		 1.0715348950644263 

dictionary size: 1024
neuron num 		 error 		 order 		 h10 error \ order 
4 		 0.32394496063822575 		 * 		 11.961649160945566 		 * 
8 		 0.6516310575280214 		 -1.0083066510140424 		 11.796066639531755 		 0.020110430870445763 
16 		 0.22908680709749893 		 1.5081609885715284 		 11.472519647924704 		 0.04012360023109259 
32 		 0.173118984549482 		 0.40413043553081335 		 9.73342871285002 		 0.23716227185635375 
64 		 0.18159584657874103 		 -0.06896726399612299 		 6.42037310066337 		 0.6002909628890556 
128 		 0.02158647860975514 		 3.0725313843669886 		 3.357375588309878 		 0.9353231978643163 
256 		 0.0036099536687194105 		 2.580075690172892 		 1.5973171542655684 		 1.0716831452365703 
512 		 0.0011052460865638646 		 1.7076126951979387 		 0.7137087744660072 		 1.162243380101743 
1024 		 0.0002718322647965175 		 2.023579015735821 		 0.3398963281006996 		 1.0702407328171752 

