

dictionary size: 512
neuron num 		 error 		 order 		 h10 error \ order 
4 		 0.09693785643834454 		 * 		 3.3926241037055442 		 * 
8 		 0.09694417131800213 		 -9.397926847026815e-05 		 3.3926144309100317 		 4.113309811229235e-06 
16 		 0.09696054041490565 		 -0.00024357958887729296 		 3.3923949326827376 		 9.334371911444809e-05 
32 		 0.09696924095894383 		 -0.00012945130610062897 		 3.3761833545576043 		 0.006910877616264037 
64 		 0.08781583908767583 		 0.14304601313740226 		 3.2202319488510165 		 0.06822864898355545 
128 		 0.05859270612844318 		 0.5837600949884818 		 2.4039560944816336 		 0.42175406030088014 
256 		 0.020949205886914513 		 1.483825525650711 		 1.0914564404581037 		 1.1391559929498403 
512 		 0.005532197591076539 		 1.920970966675252 		 0.38862168864651625 		 1.489816230290975 


