Numerical integration Nx: 50, order: 2 
dictionary size: 512
neuron num 		 error 		 order 		 h10 error \ order 
4 		 0.09693865751814301 		 * 		 3.3926239977369512 		 * 
8 		 0.09695210439723972 		 -0.000200110058135042 		 3.3925854385608627 		 1.6397174662608774e-05 
16 		 0.0973242439672346 		 -0.005527019354820075 		 3.3913187207975177 		 0.0005387716022202655 
32 		 0.0972499432387716 		 0.0011018244427746407 		 3.3663515667321087 		 0.010660524032477945 
64 		 0.0851793676825377 		 0.19119338777345346 		 3.080882210608851 		 0.1278423273680932 
128 		 0.060513360303102656 		 0.4932503206158041 		 2.4656014573093414 		 0.32140390611895864 
256 		 0.021173812369409822 		 1.5149726480173875 		 1.0933006648517027 		 1.173249413509168 
512 		 0.005654097659978462 		 1.904912344305199 		 0.3979663907690021 		 1.4579717042544444 
1024 		 0.0019978861219998793 		 1.50082244928031 		 0.18730783998158076 		 1.0872353103252796 

