



dictionary size: 512
neuron num 		 error 		 order 		 h10 error \ order 
4 		 0.7050351035998031 		 * 		 6.696184806870795 		 * 
8 		 0.8175185686256785 		 -0.21355640860611602 		 6.972662949551559 		 -0.05837039996952794 
16 		 6.059394764246125 		 -2.8898502943372586 		 8.493251769098409 		 -0.2846072719220373 
32 		 1.7607544056421613 		 1.7829800063942722 		 5.595657883019193 		 0.6020092578036518 
64 		 0.6689722800726934 		 1.396175355686027 		 4.083574361310651 		 0.4544752600060674 
128 		 0.06312499136572675 		 3.405663241216575 		 1.7459445911252844 		 1.2258247245423206 
256 		 0.015912507650354558 		 1.9880500776789334 		 0.5489078187292721 		 1.6693719801269606 
512 		 0.0015482334321466789 		 3.3614662949623826 		 0.07642068612734806 		 2.844528773628131 

