
dictionary size: 512
neuron num 		 error 		 order 		 h10 error \ order 
4 		 0.37139682660351026 		 * 		 6.665379700905708 		 * 
8 		 0.42777914529029876 		 -0.2039046629949259 		 6.6676799043583586 		 -0.0004977840413743942 
16 		 0.36198836115107924 		 0.24092283949791096 		 6.663039347151479 		 0.0010044332962755036 
32 		 7.798431749447205 		 -4.429168812930965 		 9.929503334949231 		 -0.575541144059618 
64 		 0.23988975442277713 		 5.022740582531901 		 3.1122463878158753 		 1.673765278252719 
128 		 0.36091587003690295 		 -0.5892910400650746 		 1.6975313564673664 		 0.8745180550677051 
256 		 0.0192931976263589 		 4.22549840371082 		 0.6591600931189407 		 1.3647374172858473 
512 		 0.006493258078646886 		 1.5710778169266268 		 0.2738832900201546 		 1.2670676534925618 

