


dictionary size: 2048
neuron num 		 error 		 order 		 h10 error \ order 
4 		 0.14453039262898645 		 * 		 1.79545900217992 		 * 
8 		 0.03629177864079486 		 1.9936582329275363 		 0.8837820470493291 		 1.0225901807105433 
16 		 0.012437172928986745 		 1.5449841779024294 		 0.46547081851045835 		 0.9249999002250264 
32 		 0.006073442421323675 		 1.034072214781275 		 0.23663791604300233 		 0.9760094721033927 


dictionary size: 2048
neuron num 		 error 		 order 		 h10 error \ order 
4 		 0.14453039262898645 		 * 		 1.79545900217992 		 * 
8 		 0.03629177864079486 		 1.9936582329275363 		 0.8837820470493291 		 1.0225901807105433 
16 		 0.012437172928986745 		 1.5449841779024294 		 0.46547081851045835 		 0.9249999002250264 
32 		 0.006073442421323675 		 1.034072214781275 		 0.23663791604300233 		 0.9760094721033927 
64 		 0.004103226484766977 		 0.5657556779653345 		 0.15743561412311868 		 0.5879193170545943 
128 		 0.01092539305120197 		 -1.4128544893402353 		 0.5551450918789348 		 -1.818102945906871 
256 		 0.036083200997884625 		 -1.7236421450726969 		 0.9355160043573443 		 -0.7528974532769477 


dictionary size: 2048
neuron num 		 error 		 order 		 h10 error \ order 
4 		 0.14223568471566414 		 * 		 1.7955019324241794 		 * 
8 		 0.03277694198443035 		 2.117530294461481 		 0.8834784386257903 		 1.0231203745048845 
16 		 0.008518491785040608 		 1.9440113341783625 		 0.4647784492332957 		 0.92665175043938 
32 		 0.0020813468492629204 		 2.0330806159427333 		 0.2352725918321514 		 0.9822099126021813 
64 		 0.0008523558100174217 		 1.2879897009210477 		 0.15783967389295525 		 0.5758733825818082 
128 		 0.014071314908752167 		 -4.04515753957736 		 0.5589458933630691 		 -1.824248754731322 
256 		 0.039853692360824276 		 -1.5019562440487473 		 0.9431114869313492 		 -0.7547196893903863 


dictionary size: 4096
neuron num 		 error 		 order 		 h10 error \ order 
4 		 0.14129674208363835 		 * 		 1.7960277491780265 		 * 
8 		 0.03285830661892169 		 2.104398164666855 		 0.8856021935620698 		 1.0200789396601988 
16 		 0.008293694105714386 		 1.986171388904231 		 0.4653414992953388 		 0.9283689427464441 
32 		 0.0017341914105372454 		 2.2577516935429416 		 0.23890341475881716 		 0.961862377751535 
64 		 18.41619675838164 		 -13.374424387832843 		 3.9415564456221777 		 -4.04426605483236 
128 		 18.41678443105603 		 -4.603659142975299e-05 		 3.985317088292345 		 -0.015929080555140602 
256 		 18.41820501167173 		 -0.00011127814295468654 		 4.082976418279683 		 -0.034926719568576736 


dictionary size: 2048
neuron num 		 error 		 order 		 h10 error \ order 
4 		 0.14207370386195448 		 * 		 1.7946238601834708 		 * 
8 		 0.03273271985931744 		 2.11783416343619 		 0.8842124654144958 		 1.0212165192637142 
16 		 0.008759925466382311 		 1.901742985342365 		 0.4636806212215771 		 0.9312616403262978 
32 		 0.0023946079256798947 		 1.8711291350153012 		 0.2296998929885009 		 1.0133812482764037 
64 		 0.0005880293466853688 		 2.0258293974081516 		 0.11544375967668351 		 0.992559994396851 
128 		 0.00014249096987722622 		 2.0450176633753223 		 0.058028682447639514 		 0.9923521124949348 
256 		 3.5209179883177846e-05 		 2.016846965386792 		 0.02922751722372202 		 0.989438890189747 


dictionary size: 2048
neuron num 		 error 		 order 		 h10 error \ order 
4 		 0.33285911292233167 		 * 		 1.934498462469225 		 * 
8 		 0.03568626296681975 		 3.221470929802582 		 0.9135378102548095 		 1.0824232354830414 
16 		 0.008760455290487707 		 2.0262910762428934 		 0.4430241074848398 		 1.0440792353030965 
32 		 0.0020971316905326306 		 2.0625883911173952 		 0.2290638762286246 		 0.9516352451699421 
64 		 0.0005292403453919678 		 1.986422507722014 		 0.11395907973380957 		 1.0072340845964962 
128 		 0.00013534590921094401 		 1.967271763077588 		 0.05726746939197203 		 0.9927281181343751 
256 		 3.3988728706920225e-05 		 1.9935229768504017 		 0.028777262973898127 		 0.9927864703777206 


dictionary size: 2048
neuron num 		 error 		 order 		 h10 error \ order 
4 		 0.7694693599718819 		 * 		 10.147096467823697 		 * 
8 		 0.19344225800723117 		 1.9919608899868675 		 5.457154345338621 		 0.894846214418659 
16 		 0.09855436645308926 		 0.9729112936184242 		 3.3930009996521875 		 0.6855869931028193 
32 		 0.02309435346792483 		 2.0933796331644494 		 1.8455768179269154 		 0.8784900673735963 
64 		 0.005191126005800423 		 2.153420745903189 		 0.9828309771055336 		 0.9090565529826738 
128 		 0.001432046641270038 		 1.8579690256836883 		 0.5142584362233796 		 0.9344497737955777 
256 		 0.0003579186263214905 		 2.0003749518296714 		 0.26142307955521776 		 0.9761070417471615 


dictionary size: 2048
neuron num 		 error 		 order 		 h10 error \ order 
4 		 0.7690851441734523 		 * 		 10.141704031200636 		 * 
8 		 0.1846017540384623 		 2.058727064298772 		 5.446024677894483 		 0.8970246525925546 
16 		 0.07567755509671276 		 1.2864788755535275 		 3.4554275031922232 		 0.6563393088395453 
32 		 0.019117918165530354 		 1.9849400500577818 		 1.8810869940713384 		 0.8772976406336722 
64 		 0.004483451371246611 		 2.0922437753773733 		 0.9905287559816542 		 0.9252958066632172 
128 		 106.18965462156409 		 -14.531673944927757 		 15.442701597131734 		 -3.962582495770227 
256 		 1183.3489584209199 		 -3.4781604479913706 		 12.339741337630416 		 0.32361301109722806 


dictionary size: 512
neuron num 		 error 		 order 		 h10 error \ order 
4 		 0.757487495234003 		 * 		 10.145383910615926 		 * 
8 		 0.15762773463098825 		 2.2647006728574506 		 5.561957469720367 		 0.8671588409571674 
16 		 0.06302812236504059 		 1.322453809628451 		 3.4878464068765735 		 0.6732562029233492 
32 		 0.019240478235427145 		 1.7118510261253774 		 1.9280862101241933 		 0.8551669500973706 
64 		 0.005101704409578744 		 1.9150934413558225 		 1.0044306217428205 		 0.9407916425810807 
128 		 0.0017381480530766723 		 1.5534283380917164 		 0.5316746390067334 		 0.9177623610425506 
256 		 170.95325284395398 		 -16.58569137443126 		 14.32416434701841 		 -4.751763515071314 


dictionary size: 512
neuron num 		 error 		 order 		 h10 error \ order 
4 		 0.7617364826872872 		 * 		 10.243148295477718 		 * 
8 		 0.1804298197225864 		 2.0778542007515544 		 5.456800859166977 		 0.9085319048291618 
16 		 0.07610785724556493 		 1.2453204852886652 		 3.600299500987096 		 0.5999384686973419 
32 		 0.020308659278490137 		 1.9059504027547938 		 1.8897192566900416 		 0.9299450076319373 
64 		 0.005176396064179612 		 1.9720750877286912 		 0.9915932979078252 		 0.9303514930176745 
128 		 0.0015215031246269767 		 1.7664507105617469 		 0.5231680265771508 		 0.9224741472101066 
256 		 0.05387206873710298 		 -5.145968265308962 		 2.1804414469487234 		 -2.0592739708425234 


dictionary size: 512
neuron num 		 error 		 order 		 h10 error \ order 
4 		 0.26666531441222324 		 * 		 4.5365018408107245 		 * 
8 		 0.13270272648631776 		 1.0068321710547865 		 2.9060727618981304 		 0.6425094187137972 
16 		 0.04445992516555969 		 1.5776205872133826 		 1.5992657397442356 		 0.8616611433156283 
32 		 0.01052159131419191 		 2.0791526017706063 		 0.8728297610529901 		 0.8736374826536023 
64 		 0.002237921517316113 		 2.2331215704805722 		 0.4506636551574841 		 0.9536491891937617 
128 		 0.0005103396976280284 		 2.132629669025437 		 0.2333331748795599 		 0.9496596635513839 
256 		 163.26802768066014 		 -18.287353000427238 		 6.69343329341182 		 -4.842283062165581 


dictionary size: 512
neuron num 		 error 		 order 		 h10 error \ order 
4 		 0.2520967988718334 		 * 		 4.4849794493274855 		 * 
8 		 0.1382797965860293 		 0.8663874124895767 		 2.864753680906845 		 0.6466902769891517 
16 		 0.04170922173547224 		 1.7291520885407334 		 1.5787664316520706 		 0.8596133480572441 
32 		 0.012092615600002668 		 1.7862400634411806 		 0.8774294363866744 		 0.8474427370786455 
64 		 0.0033067278516582537 		 1.870650109668353 		 0.46077574698746554 		 0.9292183250623135 
128 		 0.0005628772370607819 		 2.5545121031491416 		 0.23054384129775043 		 0.9990236558745614 
256 		 0.0002432524182417632 		 1.2103661590058667 		 0.1308183235551472 		 0.8174764949591857 


dictionary size: 512
neuron num 		 error 		 order 		 h10 error \ order 
4 		 0.2644698790299577 		 * 		 4.5285876155990765 		 * 
8 		 0.13283266802757634 		 0.9934934228244625 		 2.8965088168698894 		 0.6447461134580216 
16 		 0.030899303594265792 		 2.103963769352492 		 1.5868436144986993 		 0.8681551008221707 
32 		 0.009252392876944768 		 1.7396758907736867 		 0.8978143461489148 		 0.8216709013749429 
64 		 0.002335394638735502 		 1.9861601678188243 		 0.4592442767806015 		 0.9671554070042695 
128 		 0.0005989293909088483 		 1.9632085237702739 		 0.2300825852437223 		 0.9971099508879668 
256 		 0.0001419266627596606 		 2.0772402867895807 		 0.11731053464098605 		 0.9718192162223556 


dictionary size: 512
neuron num 		 error 		 order 		 h10 error \ order 
4 		 0.2572365036858159 		 * 		 4.4949465880363215 		 * 
8 		 0.1290865236978769 		 0.9947569910175529 		 2.8772341323634407 		 0.6436213488962337 
16 		 0.04103560959654781 		 1.6533901045970427 		 1.5837732693129776 		 0.8613168078098449 
32 		 0.009990522647091417 		 2.03824432646299 		 0.8777159872948592 		 0.8515397251883494 
64 		 0.002289367564264847 		 2.1256110434072775 		 0.4521052465553585 		 0.9570955259386602 
128 		 0.0005882927543569592 		 1.9603429374719163 		 0.2308157981605432 		 0.9699166873701761 
256 		 0.0001560174278028325 		 1.9148270743732472 		 0.12003978874860384 		 0.9432292873259189 


dictionary size: 2048
neuron num 		 error 		 order 		 h10 error \ order 
4 		 0.252660963596835 		 * 		 4.472712156901316 		 * 
8 		 0.1303676349879986 		 0.9546170323118888 		 2.889182413883139 		 0.6304886221379598 
16 		 0.0384916333459008 		 1.7599689546016606 		 1.5780701015282372 		 0.8724999993723078 
32 		 0.009509779150988574 		 2.017061149103388 		 0.8679906837074904 		 0.8624098314566431 
64 		 0.002466250461650116 		 1.9470925162479196 		 0.451367152677781 		 0.943378124894023 
128 		 0.0006063497093631776 		 2.0240973145266064 		 0.22799370926427923 		 0.9853074146464331 
256 		 0.00014596476654402097 		 2.054529932714391 		 0.1150009147116145 		 0.9873486821790756 


dictionary size: 2048
neuron num 		 error 		 order 		 h10 error \ order 
4 		 0.252660963596835 		 * 		 4.472712156901316 		 * 
8 		 0.1303676349879986 		 0.9546170323118888 		 2.889182413883139 		 0.6304886221379598 
16 		 0.0384916333459008 		 1.7599689546016606 		 1.5780701015282372 		 0.8724999993723078 
32 		 0.009509779150988574 		 2.017061149103388 		 0.8679906837074904 		 0.8624098314566431 
64 		 0.002466250461650116 		 1.9470925162479196 		 0.451367152677781 		 0.943378124894023 
128 		 0.0006063497093631776 		 2.0240973145266064 		 0.22799370926427923 		 0.9853074146464331 
256 		 0.00014596476654402097 		 2.054529932714391 		 0.1150009147116145 		 0.9873486821790756 


dictionary size: 2048
neuron num 		 error 		 order 		 h10 error \ order 
4 		 0.5531180783401458 		 * 		 6.147887442520773 		 * 
8 		 0.15255111997165466 		 1.8582947247985278 		 3.370650083981877 		 0.867063886807912 
16 		 0.18090257126062756 		 -0.24592014219864014 		 1.786619458567637 		 0.9157944852126735 
32 		 0.20006594720637377 		 -0.1452627162598454 		 1.1461180463288703 		 0.6404767354142084 
64 		 0.20519702382820354 		 -0.03653417616278542 		 0.8448675109834247 		 0.4399586184030213 
128 		 0.20654989547211186 		 -0.009480523806369878 		 0.750669088527701 		 0.17054804488487865 
256 		 0.20681785819978385 		 -0.001870434009774793 		 0.7247328256400545 		 0.05072783569690614 


dictionary size: 2048
neuron num 		 error 		 order 		 h10 error \ order 
4 		 6.574618092872056 		 * 		 22.910999411163264 		 * 
8 		 6.3300916520715615 		 0.054680705128781947 		 23.35600172239569 		 -0.0277529301608943 
16 		 6.378500641257768 		 -0.010990949242258964 		 23.608874938799776 		 -0.01553597014338487 
32 		 6.401511441112907 		 -0.005195238079354557 		 23.72468759627133 		 -0.007059797364592289 
64 		 6.406742822632375 		 -0.0011785038678036681 		 23.743953878809375 		 -0.0011711045834277862 
128 		 6.408131213725484 		 -0.000312609386092727 		 23.749379537106933 		 -0.00032962817265104477 
256 		 6.40852674311076 		 -8.904478605354079e-05 		 23.750978569003614 		 -9.713254722343625e-05 


dictionary size: 2048
neuron num 		 error 		 order 		 h10 error \ order 
4 		 0.8671297074032692 		 * 		 13.518235206188647 		 * 
8 		 0.12044435553542597 		 2.8478810263004526 		 16.84872514654405 		 -0.3177326131388707 
16 		 0.03440324991786538 		 1.8077500238879534 		 17.524673387615398 		 -0.056748122090458715 
32 		 0.008917410667746048 		 1.9478480928341533 		 17.699381207768827 		 -0.014311366225631138 
64 		 0.00246931351508743 		 1.8525148391039914 		 17.753426390793795 		 -0.004398567177814399 
128 		 0.0005871186149997988 		 2.072386114961436 		 17.766796552638795 		 -0.0010860893036268298 
256 		 0.00014960985154023666 		 1.9724468218174465 		 17.770353387748553 		 -0.00028879234265270093 


dictionary size: 2048
neuron num 		 error 		 order 		 h10 error \ order 
4 		 0.8267177153167998 		 * 		 11.411230779358995 		 * 
8 		 0.06220334686782678 		 3.732330689756001 		 17.510598497619014 		 -0.6177739901693626 
16 		 0.003807843171284487 		 4.029946240473469 		 17.765712694414763 		 -0.020867170672498627 
32 		 0.00046070324064722873 		 3.047064410256033 		 17.77117545786974 		 -0.00044354484694058215 
64 		 5.150022359727736e-05 		 3.1611871449482916 		 17.771511436687426 		 -2.7275088997614836e-05 
128 		 5.824298239788417e-06 		 3.14442255864927 		 17.77153058696837 		 -1.5546230023508522e-06 
256 		 7.398653093811753e-07 		 2.9767496715079047 		 17.771531679076332 		 -8.865745610487352e-08 


dictionary size: 2048
neuron num 		 error 		 order 		 h10 error \ order 
4 		 0.8267177153168015 		 * 		 7.963221603542987 		 * 
8 		 0.062203346867826234 		 3.732330689756016 		 1.728134230665819 		 2.2041369246545686 
16 		 0.0038078431712851414 		 4.029946240473209 		 0.2582619098835671 		 2.7423084950109415 
32 		 0.0004607032406483235 		 3.0470644102528524 		 0.06388251893039981 		 2.015341775851045 
64 		 5.1500223597198325e-05 		 3.161187144953934 		 0.01525285194880005 		 2.0663421800699338 
128 		 5.824298239110501e-06 		 3.1444225588149775 		 0.0036534745517609072 		 2.061737956816767 
256 		 7.398653073482109e-07 		 2.976749675304147 		 0.0009176529435939637 		 1.9932486237599443 






dictionary size: 2048
neuron num 		 error 		 order 		 h10 error \ order 
4 		 0.8267177153167977 		 * 		 7.963221603542739 		 * 
8 		 0.06220334687006884 		 3.7323306897039963 		 1.728134230699364 		 2.2041369246265194 
16 		 0.003807843177695962 		 4.029946238096325 		 0.2582619101602539 		 2.742308493493326 
32 		 0.0004607032543435697 		 3.0470643697950024 		 0.06388252006695477 		 2.0153417517292014 
64 		 5.1500257142616856e-05 		 3.1611862481206217 		 0.015252856717872871 		 2.0663417546534517 
128 		 5.82437336036685e-06 		 3.1444048909087385 		 0.003653494484990034 		 2.0617305366285974 
256 		 7.400014089260996e-07 		 2.9765029170432733 		 0.0009177323296497955 		 1.9931316930400136 





dictionary size: 2048
neuron num 		 error 		 order 		 h10 error \ order 
4 		 0.8292918952040511 		 * 		 7.969083524867518 		 * 
8 		 0.06224941774233627 		 3.735747744795771 		 1.7326914185882514 		 2.2013990758108304 
16 		 0.003720188630531716 		 4.064612663297096 		 0.2553613924889613 		 2.7624024136467984 
32 		 0.00043896643756886965 		 3.0831932306814753 		 0.0624967079549543 		 2.0306883215159948 
64 		 5.013040244656747e-05 		 3.1303529173862117 		 0.01498995164703318 		 2.0597844674968937 
128 		 5.826575737278519e-06 		 3.104965646481742 		 0.00360695556408809 		 2.055142174546546 
256 		 7.228105832115439e-07 		 3.0109587294701403 		 0.0008987783664331337 		 2.004744345519922 


dictionary size: 2048
neuron num 		 error 		 order 		 h10 error \ order 
4 		 17.57383187378765 		 * 		 10.342188335966997 		 * 
8 		 0.2782972803738807 		 5.980658176667205 		 2.1664307412932886 		 2.2551494614208716 
16 		 0.017359794535091278 		 4.002805032453076 		 0.26527967263454066 		 3.0297340790562943 
32 		 0.0010629945922976203 		 4.02954370993908 		 0.06524765499667516 		 2.0235161743959282 
64 		 8.332864676688262e-05 		 3.67317789599707 		 0.014763959488210177 		 2.1438463681001783 
128 		 6.778317481812248e-06 		 3.619813435087991 		 0.003671582790174269 		 2.00760564735003 
256 		 7.317964914730006e-07 		 3.2114128071918806 		 0.0008837678953834073 		 2.0546627031251194 


dictionary size: 2048
neuron num 		 error 		 order 		 h10 error \ order 
4 		 21.649780414879768 		 * 		 15.130857792037887 		 * 
8 		 0.3626011754806381 		 5.899824980099363 		 5.045885627673929 		 1.5843143674965625 
16 		 0.027146533155066387 		 3.739543731633773 		 0.8658721646616635 		 2.542881556236962 
32 		 0.0015555188221935687 		 4.125300208186405 		 0.19380307078580852 		 2.159562614297342 
64 		 0.00015906262031125987 		 3.28972910445127 		 0.04579387040030653 		 2.0813650214728896 
128 		 1.784268509834026e-05 		 3.156190198352264 		 0.011347575371035363 		 2.012770432929965 
256 		 2.183495708507104e-06 		 3.0306211382173203 		 0.002825764060390006 		 2.0056711539989385 


dictionary size: 2048
neuron num 		 error 		 order 		 h10 error \ order 
4 		 52.79494953479301 		 * 		 29.30333542845868 		 * 
8 		 80.52257944704114 		 -0.608993462819585 		 42.08518932550212 		 -0.5222477199053359 
16 		 87.44599420947813 		 -0.1189989095686613 		 42.324700683194216 		 -0.008187258040511044 
32 		 87.45930990211991 		 -0.00021966725223103383 		 42.319858906410424 		 0.00016504799355204433 
64 		 87.46139973013807 		 -3.4472585031174944e-05 		 42.3210600156777 		 -4.094554751174276e-05 
128 		 87.46144715435659 		 -7.822727116086243e-07 		 42.321099951323205 		 -1.3613773028957577e-06 
256 		 87.46145342783329 		 -1.0348231927456668e-07 		 42.321102604626184 		 -9.044913602327107e-08 


dictionary size: 2048
neuron num 		 error 		 order 		 h10 error \ order 
4 		 2.1574540129875293 		 * 		 12.84723996847185 		 * 
8 		 1.543230164985097 		 0.48337655946345015 		 6.15155184171973 		 1.0624361441608943 
16 		 0.016614147159297283 		 6.537397200187697 		 1.0165388529117112 		 2.5972850454649308 
32 		 0.001453688872486558 		 3.514621805359195 		 0.2034962058095246 		 2.320591556392143 
64 		 0.00021392903964294528 		 2.7645142892454895 		 0.045175614007202394 		 2.171385780850629 
128 		 1.9706231465681133e-05 		 3.440408520269533 		 0.011912494014114816 		 1.923068720505156 
256 		 2.415514214931974e-06 		 3.028249660062611 		 0.0029823459601839614 		 1.9979559602366805 



dictionary size: 2048
neuron num 		 error 		 order 		 h10 error \ order 
4 		 2.1574540129875293 		 * 		 12.84723996847185 		 * 
8 		 1.543230164985097 		 0.48337655946345015 		 6.15155184171973 		 1.0624361441608943 
16 		 0.016614147159297283 		 6.537397200187697 		 1.0165388529117112 		 2.5972850454649308 
32 		 0.001453688872486558 		 3.514621805359195 		 0.2034962058095246 		 2.320591556392143 
64 		 0.00021392903964294528 		 2.7645142892454895 		 0.045175614007202394 		 2.171385780850629 
128 		 1.9706231465681133e-05 		 3.440408520269533 		 0.011912494014114816 		 1.923068720505156 
256 		 2.415514214931974e-06 		 3.028249660062611 		 0.0029823459601839614 		 1.9979559602366805 








dictionary size: 2048
neuron num 		 error 		 order 		 h10 error \ order 
4 		 0.998921361879948 		 * 		 13.292947255783801 		 * 
8 		 0.4562416574688678 		 1.1305729301971421 		 9.820631181348158 		 0.4367733522726934 
16 		 0.13270458966424098 		 1.7815799109551111 		 3.8365555803454625 		 1.356004095471374 
32 		 0.15159881461794764 		 -0.19204020482104658 		 4.305757627066158 		 -0.1664554564343782 
64 		 0.15894428238281208 		 -0.06826264729017359 		 4.696888209463801 		 -0.1254381445790323 
128 		 0.13124840651288322 		 0.2762212129942443 		 3.7495615886723153 		 0.32498333572815513 
256 		 0.11962632030589124 		 0.13376505941617542 		 3.273879214882886 		 0.19572082410990188 


dictionary size: 2048
neuron num 		 error 		 order 		 h10 error \ order 
4 		 0.7533374279983153 		 * 		 13.286958876365297 		 * 
8 		 0.4554438177168644 		 0.7260231102503175 		 9.9112206785659 		 0.42287628024235274 
16 		 0.1368004180568159 		 1.7352004591027832 		 3.811392203687351 		 1.3787446790787983 
32 		 0.15049611809866148 		 -0.13765363549508317 		 3.992585444948344 		 -0.06700520951373264 
64 		 0.14259633683953946 		 0.07778935371326824 		 3.9401069486528124 		 0.0190884928110275 
128 		 0.09483438903137294 		 0.5884547088269715 		 2.613245534806104 		 0.5923921066565387 
256 		 0.1243467944971436 		 -0.3908871051774889 		 3.485405161687051 		 -0.4154836887620695 


dictionary size: 2048
neuron num 		 error 		 order 		 h10 error \ order 
4 		 0.7387461888197181 		 * 		 13.286782796662377 		 * 
8 		 0.45606257358480545 		 0.6958470010444033 		 9.924411849225383 		 0.42093830763339923 
16 		 0.1227965001496221 		 1.8929623387017014 		 3.47432156886417 		 1.5142503161746592 
32 		 0.13685812528273655 		 -0.1564116474954952 		 3.803618890208761 		 -0.13064141013348102 
64 		 0.1414054197635548 		 -0.04715632636694563 		 3.869270330046149 		 -0.024688827226989552 


dictionary size: 2048
neuron num 		 error 		 order 		 h10 error \ order 
4 		 0.7462027417473198 		 * 		 13.286948902884127 		 * 
8 		 0.4556977131492782 		 0.7114905303793506 		 9.915853356918312 		 0.42220101391207493 
16 		 0.1504819123901342 		 1.598487042138835 		 4.0365127895249895 		 1.2966274730986203 
32 		 0.12053080344617831 		 0.32018819265941667 		 3.3505393452309566 		 0.2687161141042444 
64 		 0.17032224950244182 		 -0.4988650133485099 		 4.671601691313888 		 -0.4795239241121564 


dictionary size: 2048
neuron num 		 error 		 order 		 h10 error \ order 
4 		 0.7619450321350243 		 * 		 13.286911259180046 		 * 
8 		 0.45546377089925794 		 0.7423506214372053 		 9.907630222160515 		 0.4233938379253411 
16 		 0.09377976860101588 		 2.2799876774713423 		 2.2563324164023464 		 2.134560394690953 
32 		 0.12618239310686294 		 -0.4281619931693268 		 3.5771667799349753 		 -0.6648377534857308 
64 		 0.3841269056506442 		 -1.6060724015000705 		 10.838526751233381 		 -1.5992793802985037 


dictionary size: 2048
neuron num 		 error 		 order 		 h10 error \ order 
4 		 18.360886176176653 		 * 		 15.010268557642968 		 * 
8 		 1.4835446099432683 		 3.629515476979302 		 12.489081401425144 		 0.26528242175386685 
16 		 0.837072298425228 		 0.8256241693875244 		 21.473708244670533 		 -0.7819039808067217 
32 		 0.3216137191906628 		 1.3800232851893812 		 8.029155619747785 		 1.4192511674891564 
64 		 0.15419860894252863 		 1.0605391989223343 		 3.718515032471431 		 1.1105216713581298 


dictionary size: 2048
neuron num 		 error 		 order 		 h10 error \ order 
4 		 17.219430947343163 		 * 		 14.705545286022986 		 * 
8 		 1.4487644234797425 		 3.571142537131095 		 12.506678839259427 		 0.23366154949126616 
16 		 0.35766999710296343 		 2.018122015299063 		 9.629799658659469 		 0.3771210420714662 
32 		 1.3918354873150662 		 -1.960287688003553 		 38.44213811609985 		 -1.9971108904862946 
64 		 0.06575000299976756 		 4.403853926610956 		 2.4815599306016196 		 3.953369377910636 


dictionary size: 2048
neuron num 		 error 		 order 		 h10 error \ order 
4 		 16.559374518873902 		 * 		 14.591329655094023 		 * 
8 		 1.287545203153397 		 3.6849531918981713 		 12.55648173889815 		 0.21667907164854228 
16 		 0.055196981215093525 		 4.543889906566982 		 1.8879413604404875 		 2.733546424855257 
32 		 0.08663487208675175 		 -0.6503584858857071 		 2.2156952915727364 		 -0.23094553648194668 
64 		 0.6707675566990456 		 -2.9527931535954415 		 17.791853575892663 		 -3.005385423268446 


dictionary size: 2048
neuron num 		 error 		 order 		 h10 error \ order 
4 		 17.706023523449673 		 * 		 14.898940343734722 		 * 
8 		 0.7172242982456777 		 4.625672068181337 		 11.703762770905616 		 0.34823729342193593 
16 		 0.23792097434739998 		 1.5919419041787983 		 6.254723942628437 		 0.9039543158384695 
32 		 0.24239259106005678 		 -0.02686314153738734 		 5.8529711128394375 		 0.09577705295897873 
64 		 0.2006743831402515 		 0.2724891393961038 		 4.995134305943666 		 0.22864568951699327 


dictionary size: 2048
neuron num 		 error 		 order 		 h10 error \ order 
4 		 14.37415356074135 		 * 		 14.24268496005841 		 * 
8 		 1.5103119319688907 		 3.2505585515663467 		 12.322660736073932 		 0.20890734206651074 
16 		 0.09532533991625022 		 3.9858429664270263 		 2.9191357470311408 		 2.077700593162656 
32 		 0.1696910271496512 		 -0.8319786051661884 		 5.591213542560799 		 -0.9376201448980005 
64 		 0.08182842231317755 		 1.0522363391460452 		 2.075392091715213 		 1.4297775240218402 


dictionary size: 2048
neuron num 		 error 		 order 		 h10 error \ order 
4 		 17.579716607628402 		 * 		 14.774475184277593 		 * 
8 		 1.412541781394446 		 3.637546367256878 		 12.533270171317016 		 0.237343993541551 
16 		 0.062105322114573966 		 4.507432825756006 		 1.9970769320620612 		 2.6498010757258044 
32 		 0.05735768097210287 		 0.11473020984317782 		 2.104433840696895 		 -0.07554224503764453 
64 		 0.07909499321858436 		 -0.4635996781173005 		 2.1208644691920284 		 -0.011220275584250334 
128 		 0.08258924122430801 		 -0.062367482435565925 		 2.4430896797789243 		 -0.20405439189081492 
256 		 0.27256479691004326 		 -1.7225734816897342 		 7.830061520309729 		 -1.6803168203832004 


dictionary size: 2048
neuron num 		 error 		 order 		 h10 error \ order 
4 		 26.141892198264106 		 * 		 16.588300464973067 		 * 
8 		 8.796698990491457 		 1.571329418640889 		 10.923167783298299 		 0.6027747771862266 
16 		 2.2693270630710703e-05 		 18.564338170447094 		 0.001287898992861184 		 13.050084236155762 
32 		 6.060808378983259e-06 		 1.9046824145321146 		 0.00034307509298340264 		 1.908423154291536 
64 		 4.989066413592642e-06 		 0.28074035604411607 		 0.00027037727089598113 		 0.34355051360696565 
128 		 3.3373358850938515e-06 		 0.5800729809773993 		 0.00019013234608603258 		 0.5079698874200904 
256 		 4.637053848406159e-06 		 -0.47451158689363854 		 0.00030001931220822255 		 -0.6580513798229133 


dictionary size: 2048
neuron num 		 error 		 order 		 h10 error \ order 
4 		 4.915837505731367 		 * 		 33.207836441212265 		 * 
8 		 0.788159893733651 		 2.640876984298535 		 32.32115845495702 		 0.03904482326386976 
16 		 0.6040313030739063 		 0.3838650213013096 		 28.612140151133136 		 0.17585149466880554 
32 		 0.5144514513189455 		 0.23158838043284138 		 26.0733819604556 		 0.13404968742994516 
64 		 0.6095595802054194 		 -0.2447323044350835 		 38.15065114461989 		 -0.5491299547913837 


dictionary size: 2048
neuron num 		 error 		 order 		 h10 error \ order 
4 		 25.395027041747486 		 * 		 24.183444585464645 		 * 
8 		 2.3708732803769337 		 3.421055550095238 		 21.10564905123586 		 0.19639055403676453 
16 		 0.05643575608974365 		 5.392665241922741 		 2.5580202793866205 		 3.0445295897144224 
32 		 0.004120320375482001 		 3.7757810792197657 		 0.2740334316006538 		 3.2226038862998063 
64 		 0.04984045476857188 		 -3.5964888086485054 		 2.8038317407969116 		 -3.3549759598542805 


dictionary size: 2048
neuron num 		 error 		 order 		 h10 error \ order 
4 		 2.762331827998046 		 * 		 21.575027352438074 		 * 
8 		 7.176259608622831 		 -1.377345446932602 		 18.963029239232217 		 0.18617294321482164 
16 		 0.022791367825491755 		 8.298600761320492 		 0.9263601944466372 		 4.35547237271088 
32 		 2.4741096005387944e-05 		 9.84736238365187 		 0.0025177722243164146 		 8.523281679604256 
64 		 2.6649317724300574e-08 		 9.858595098728857 		 4.236215530113818e-06 		 9.21515606449477 


dictionary size: 2048
neuron num 		 error 		 order 		 h10 error \ order 
4 		 7.897261141198785 		 * 		 10.939365430783594 		 * 
8 		 1.0928093079810532 		 2.8533107202805694 		 1.4012125947370584 		 2.964781286876969 
16 		 0.0035024815083231292 		 8.285448527747173 		 0.04934377742152303 		 4.827663887972393 
32 		 5.203178103428015e-07 		 12.71669672214861 		 4.940385665339671e-05 		 9.964028778894452 
64 		 5.12444244361942e-09 		 6.665854237870746 		 7.978170529222091e-07 		 5.952421897649223 


dictionary size: 2048
neuron num 		 error 		 order 		 h10 error \ order 
4 		 3.341647518798712 		 * 		 35.20630649562385 		 * 
8 		 6.867630881015439 		 -1.0392529358341234 		 34.83237326039487 		 0.015405109057763372 
16 		 1.0898195617366908 		 2.655723208022113 		 28.12448366914192 		 0.30860216203436497 
32 		 0.0002237027587234714 		 12.25021862353293 		 0.024087720514475695 		 10.189313021192856 
64 		 3.7136417124464084e-06 		 5.912604605176121 		 0.0005732481883702545 		 5.392994173233351 


dictionary size: 2048
neuron num 		 error 		 order 		 h10 error \ order 
4 		 3.9167131168730216 		 * 		 70.91954130188675 		 * 
8 		 19.253547686993965 		 -2.297408937617583 		 71.01552205630581 		 -0.0019511877650515775 
16 		 0.6983133116818835 		 4.785106018652427 		 69.92187568799862 		 0.022390506526086658 
32 		 0.638111887552718 		 0.1300650639206893 		 64.4615141078555 		 0.11730581072900212 
64 		 0.018461096411304723 		 5.111249267782349 		 2.5046684734223685 		 4.685746514550909 


dictionary size: 2048
neuron num 		 error 		 order 		 h10 error \ order 
4 		 3.444122312933001 		 * 		 70.92623767202592 		 * 
8 		 10.307676956885881 		 -1.5815109449361227 		 70.70467870516451 		 0.004513736007229363 
16 		 0.6983670361271864 		 3.8835899552496054 		 69.88660596395357 		 0.01678970087123033 
32 		 0.6310425406245416 		 0.1462481981701935 		 64.17168551150552 		 0.12307910700056965 
64 		 0.0026365340035371695 		 7.902950851650991 		 0.5101414456396626 		 6.974895751843518 
128 		 0.0053893947623608164 		 -1.031480661755071 		 0.7899756718096426 		 -0.630910909568906 
256 		 0.009841978584149428 		 -0.8688251120930067 		 1.7041232489746756 		 -1.109149551115304 


dictionary size: 2048
neuron num 		 error 		 order 		 h10 error \ order 
4 		 6.619381432315193 		 * 		 70.9425554451721 		 * 
8 		 212.2167117725382 		 -5.002698054315834 		 139.3816295820321 		 -0.9743172232505746 
16 		 0.7087981064134432 		 8.225947805955125 		 70.09750689604368 		 0.9916053883265586 
32 		 0.6352433387344051 		 0.15806540765061736 		 63.775698586234256 		 0.1363563370197434 
64 		 0.0023040182982210188 		 8.1070133572697 		 0.3677553845967866 		 7.438116521410377 
128 		 0.002155025037544018 		 0.09644754357393141 		 0.37996184443120823 		 -0.047108085880524675 
256 		 0.0037150219878144715 		 -0.7856661186043731 		 0.5318276882625723 		 -0.4851043382649904 


dictionary size: 2048
neuron num 		 error 		 order 		 h10 error \ order 
4 		 5.448238584876537 		 * 		 70.92841583759275 		 * 
8 		 12.117681339564456 		 -1.1532518852288114 		 70.88784741201985 		 0.0008254041764472981 
16 		 0.6990006133502905 		 4.115676140669689 		 69.9479322239093 		 0.019256912086993948 
32 		 0.6351157045404103 		 0.13827427741311696 		 64.66423534875783 		 0.1133134060345596 
64 		 0.01434848328750812 		 5.468049294722203 		 2.4686484882790016 		 4.711174673177901 
128 		 0.003753569382537283 		 1.9345631885402226 		 0.5929918625029921 		 2.0576372130207963 
256 		 0.010023110090099808 		 -1.416995178886466 		 1.7459377618016145 		 -1.557917919277224 


dictionary size: 2048
neuron num 		 error 		 order 		 h10 error \ order 
4 		 3.8318008375551664 		 * 		 67.85040195674736 		 * 
8 		 3.338210026877004 		 0.19894785103650664 		 63.98132512752174 		 0.08470648977584955 
16 		 2.9458291940714085 		 0.18040094414733973 		 55.13061018479698 		 0.21479730340693265 
32 		 2.5993784309839056 		 0.18050709791186542 		 19.937082043975423 		 1.4673992943504126 
64 		 0.011267040405170929 		 7.849914271742392 		 1.3365842157648498 		 3.89883162772044 
128 		 7.934067214638412e-06 		 10.471760362161527 		 0.0032435701847591284 		 8.686752370362207 
256 		 3.552316746235276e-08 		 7.803156582400912 		 2.3201137326714457e-05 		 7.127243317706219 


dictionary size: 2048
neuron num 		 error 		 order 		 h10 error \ order 
4 		 1.9223857613795199 		 * 		 15.148583794556425 		 * 
8 		 2.617867988611376 		 -0.44549448030044336 		 13.054874625487619 		 0.2145943232668845 
16 		 2.107391662126932 		 0.3129338819806717 		 7.420520153149301 		 0.8149963790676136 
32 		 2.1370657921015437 		 -0.02017285749101498 		 3.035229245325116 		 1.2897148336721629 
64 		 0.004074680180508558 		 9.034728781002078 		 0.21414986592656143 		 3.825112805609849 
128 		 7.248808501766804e-07 		 12.456655330440153 		 0.00031513725584592664 		 9.408424737350446 
256 		 6.9045878816088705e-09 		 6.714044760275724 		 4.923174881488923e-06 		 6.0002475230490475 


dictionary size: 2048
neuron num 		 error 		 order 		 h10 error \ order 
4 		 3.86486540525135 		 * 		 22.264579125690144 		 * 
8 		 2.4395656545991335 		 0.6637938626758583 		 19.171381570676928 		 0.2157960328760005 
16 		 2.440155922275346 		 -0.0003490265745727397 		 14.794295877407903 		 0.3739132731888017 
32 		 2.4004121368955333 		 0.023691207262043813 		 6.301597664005106 		 1.2312514831162142 
64 		 0.0035914572854045803 		 9.384497057074594 		 0.5362608578905806 		 3.5547107871780748 
128 		 1.1674257744559417e-06 		 11.587022816211483 		 0.00047708395044900623 		 10.134476084874297 
256 		 4.6382226672337806e-08 		 4.65361493418535 		 3.056199317386207e-05 		 3.9644326131457905 


dictionary size: 2048
neuron num 		 error 		 order 		 h10 error \ order 
4 		 30.06237393750878 		 * 		 25.050362899382534 		 * 
8 		 1.4824611168375372 		 4.341892768915435 		 19.516116175600864 		 0.36016552711207833 
16 		 0.41885870514503676 		 1.8234587026341873 		 16.209261859995912 		 0.26784758181218316 
32 		 0.1284201269552895 		 1.7055923273205373 		 8.55240676835676 		 0.922416017610134 
64 		 0.007328809949969125 		 4.131148566853264 		 1.838562961877838 		 2.217751889241203 
128 		 0.0009108760143349416 		 3.0082523557204883 		 0.5053551688849162 		 1.8632089921315311 
256 		 9.907099797592577e-05 		 3.2007200020696245 		 0.11709572067771006 		 2.10960933267848 





dictionary size: 2048
neuron num 		 error 		 order 		 h10 error \ order 
4 		 32.307046604001584 		 * 		 26.56899250033161 		 * 
8 		 0.6925108902420302 		 5.543868301546429 		 19.767774563236575 		 0.4265930586716767 
16 		 0.2043470390557424 		 1.7608154196067198 		 17.7894816853831 		 0.15212598617732634 
32 		 0.08672020524095285 		 1.2365812629330466 		 9.027594807325846 		 0.9786109053585699 
64 		 0.0031769543349105854 		 4.770651912906315 		 0.7769667111734863 		 3.538416972980454 
128 		 0.00015036930638823723 		 4.4010623360361 		 0.07871672210396438 		 3.3031107374629842 
256 		 9.1321293901784e-06 		 4.04141500094788 		 0.009773495699983436 		 3.009723575313887 


