
dictionary size: 1024
neuron num 		 error 		 order 		 h10 error \ order 
4 		 0.9137106650121244 		 * 		 
8 		 0.3496419965155997 		 1.3858589132475847  
16 		 0.12533003170353502 		 1.4801463254700928  
32 		 0.03126481798790629 		 2.0031201325129016  
64 		 0.00849747241988251 		 1.879434439088029  
128 		 0.0020324686419446476 		 2.0638006804696833  
256 		 0.0005228573915028967 		 1.9587436812433807  
512 		 0.00016036855159035453 		 1.7050262516134849  
1024 		 4.017875743416295e-05 		 1.9968864026282944  


dictionary size: 1024
neuron num 		 error 		 order 		 h10 error \ order 
4 		 0.8842343065146808 		 * 		 
8 		 0.37711269214029386 		 1.2294330022701772  
16 		 0.13032978019935912 		 1.53282893110588  
32 		 0.03783876778105103 		 1.784229762460151  
64 		 0.00811780380290356 		 2.220703730651213  
128 		 0.0021925094607811568 		 1.888506404354173  
256 		 0.0005920828952605409 		 1.8887119866602105  
512 		 0.0001464019685143154 		 2.0158642240420446  
1024 		 4.2239906194063425e-05 		 1.793256416274628  


dictionary size: 1024
neuron num 		 error 		 order 		 h10 error \ order 
4 		 0.9005185901080095 		 * 		 
8 		 0.3756372192421097 		 1.2614160425705634  
16 		 0.12755088254893374 		 1.5582671352903623  
32 		 0.03328199960291229 		 1.9382588620607397  
64 		 0.010378832701190863 		 1.68109791999365  
128 		 0.0023297814734239064 		 2.1553776482583857  
256 		 0.0005729666174964512 		 2.023671649286686  
512 		 0.00015612543698583165 		 1.875745476463585  
1024 		 4.247041209106813e-05 		 1.8781755974984202  

